beta <- 2.5/8
sigma <- 1/6.5
gamma <- 1/8
N <- 100000
I0 <- 10
seed <- 101
